,Recommendation_ID,User_ID,Laptop_ID,Date_Added
0,1000,10038378,8287316352,2024-02-16
1,1001,10194459,9519881893,2024-01-31
2,1002,10255717,9563520655,2024-02-26
3,1003,10847285,3436316561,2024-07-14
4,1004,11068592,2100630892,2024-02-22
5,1005,11102256,5693299681,2024-09-18
6,1006,11195144,3427305230,2024-05-15
7,1007,11364104,2963707395,2024-01-15
8,1008,11466483,3379091078,2024-02-23
9,1009,11476560,8179799764,2024-04-16
10,1010,11535103,8025994288,2024-09-14
11,1011,11854632,8960830920,2024-01-05
12,1012,12078709,7692921402,2024-04-28
13,1013,12083138,9590109437,2024-12-28
14,1014,12109098,7786387596,2024-11-27
15,1015,12158202,9921970750,2024-07-05
16,1016,12296744,4951700823,2024-02-02
17,1017,12535905,3489056466,2024-05-14
18,1018,12673713,8179799764,2024-04-22
19,1019,12755996,3835991679,2024-04-05
20,1020,12853751,6304852512,2024-01-15
21,1021,12872662,9314872523,2024-08-14
22,1022,12885727,6452392011,2024-05-10
23,1023,13136261,8898284312,2024-07-30
24,1024,13162768,6452392011,2024-04-10
25,1025,13390060,1434716776,2024-04-30
26,1026,13416404,9538816352,2024-11-09
27,1027,13455943,8706015363,2024-12-15
28,1028,13530016,3271756265,2024-07-29
29,1029,13675277,4680297978,2024-06-12
30,1030,13723800,2606081253,2024-03-28
31,1031,13964854,8036545872,2024-02-05
32,1032,14079998,8708459838,2024-12-17
33,1033,14106898,8690447675,2024-08-19
34,1034,14200470,1686032155,2024-02-29
35,1035,14291875,5958288665,2024-06-18
36,1036,14335120,6532115582,2024-03-10
37,1037,14458400,3379091078,2024-10-12
38,1038,14534930,8619859321,2024-07-15
39,1039,14561803,4866712332,2024-06-16
40,1040,14665262,9822693092,2024-07-11
41,1041,14689619,7700264415,2024-08-09
42,1042,14788690,2857476849,2024-07-22
43,1043,14800097,6920111944,2024-08-21
44,1044,14923185,6452392011,2024-08-17
45,1045,14934071,1154722403,2024-12-27
46,1046,15004429,4047706842,2024-11-18
47,1047,15172998,7206582068,2024-11-10
48,1048,15258663,5340448276,2024-02-16
49,1049,15388966,5661686357,2024-11-09
50,1050,15424933,3814091434,2024-05-14
51,1051,15465231,6059098719,2024-01-05
52,1052,15575195,6769766600,2024-06-28
53,1053,15723213,7211231982,2024-10-05
54,1054,15727311,8706015363,2024-11-20
55,1055,15880239,6100502682,2024-01-31
56,1056,16027290,2606081253,2024-09-24
57,1057,16272782,5340448276,2024-10-16
58,1058,16313224,4127097428,2024-08-02
59,1059,16344490,8706015363,2024-07-21
60,1060,16349867,7105215355,2024-07-09
61,1061,16600612,3487559153,2024-11-10
62,1062,16697313,8287316352,2024-12-18
63,1063,16778932,2372751599,2024-11-06
64,1064,16823355,8708459838,2024-11-25
65,1065,16875223,8706015363,2024-07-03
66,1066,16940703,7509058138,2024-12-26
67,1067,17000821,5661686357,2024-04-10
68,1068,17216528,5537898730,2024-06-26
69,1069,17371883,1586856183,2024-02-29
70,1070,17728393,4951700823,2024-02-14
71,1071,17733061,2592378649,2024-01-23
72,1072,17839512,6532115582,2024-02-21
73,1073,17982509,3816588409,2024-06-07
74,1074,18010517,3271756265,2024-07-16
75,1075,18086888,1251505210,2024-06-06
76,1076,18130352,7838446499,2024-10-01
77,1077,18509464,2606081253,2024-07-24
78,1078,18511153,3786741745,2024-09-25
79,1079,18523225,3761088231,2024-05-28
80,1080,18565672,8706015363,2024-06-06
81,1081,18681217,1654847161,2024-01-23
82,1082,18710267,4549126306,2024-10-17
83,1083,18722572,3942694156,2024-06-22
84,1084,18896840,9797128015,2024-04-05
85,1085,18911851,2489969804,2024-02-11
86,1086,18967414,6322505092,2024-09-13
87,1087,19033079,8898284312,2024-04-30
88,1088,19070422,6410502496,2024-09-18
89,1089,19357746,8740444030,2024-02-12
90,1090,19410749,9671259722,2024-10-27
91,1091,19526472,1337822494,2024-08-07
92,1092,19665184,5120471183,2024-01-09
93,1093,19691005,1677646228,2024-09-18
94,1094,19791153,6100502682,2024-02-22
95,1095,19810960,6920111944,2024-02-12
96,1096,19857218,6521888399,2024-11-08
97,1097,19942984,4106003626,2024-12-23
98,1098,19949261,2173011583,2024-08-17
99,1099,19994274,8833424752,2024-01-13
100,1100,20033346,5156070203,2024-09-03
101,1101,20176836,2100630892,2024-07-10
102,1102,20200162,8706015363,2024-10-07
103,1103,20246830,4406169633,2024-02-09
104,1104,20250150,9590109437,2024-10-30
105,1105,20367989,8764404645,2024-07-09
106,1106,20385832,9433322012,2024-01-01
107,1107,20454114,4169047683,2024-07-12
108,1108,20636745,2956241166,2024-11-20
109,1109,20663191,9603543467,2024-10-29
110,1110,20666511,8350988643,2024-06-21
111,1111,20701011,2857476849,2024-10-17
112,1112,20732524,2464497581,2024-06-11
113,1113,20799499,8706015363,2024-10-15
114,1114,20899245,8000229881,2024-09-27
115,1115,20906076,1654847161,2024-09-23
116,1116,20994430,1060761212,2024-07-15
117,1117,21023182,9780372815,2024-07-01
118,1118,21091648,6059098719,2024-07-02
119,1119,21160524,2558993062,2024-10-05
120,1120,21168340,4834745071,2024-01-07
121,1121,21217285,3453232212,2024-10-18
122,1122,21379285,5814215019,2024-11-10
123,1123,21395236,7466874416,2024-11-14
124,1124,21663173,1847640034,2024-10-20
125,1125,21679194,7967097358,2024-05-22
126,1126,21811040,8179799764,2024-09-27
127,1127,21861464,2857476849,2024-11-09
128,1128,22131062,3489056466,2024-04-02
129,1129,22213619,7437350207,2024-10-14
130,1130,22257780,4748619733,2024-01-27
131,1131,22321756,2193901365,2024-04-03
132,1132,22679390,4127097428,2024-03-31
133,1133,22713619,1559558640,2024-04-20
134,1134,22922019,4432716160,2024-03-01
135,1135,22935334,8822404529,2024-02-26
136,1136,23062448,4924723622,2024-07-29
137,1137,23456288,4127097428,2024-01-04
138,1138,23570306,3579413014,2024-04-19
139,1139,23621582,8209230739,2024-01-31
140,1140,23661858,4127097428,2024-08-19
141,1141,23689906,9730743865,2024-11-26
142,1142,24029250,6836480273,2024-11-27
143,1143,24057613,3745634160,2024-06-15
144,1144,24304326,9153372696,2024-10-11
145,1145,24314984,6532115582,2024-07-04
146,1146,24335361,9797128015,2024-06-24
147,1147,24358164,8184944063,2024-08-10
148,1148,24546351,7700264415,2024-06-08
149,1149,24580384,4470190268,2024-05-23
150,1150,24581584,2100630892,2024-09-24
151,1151,24703440,5455225745,2024-06-27
152,1152,24791853,6080708499,2024-05-17
153,1153,25010766,5411058555,2024-09-22
154,1154,25238934,8036545872,2024-10-09
155,1155,25268971,6370548068,2024-05-22
156,1156,25314016,9730743865,2024-07-16
157,1157,25342320,2606081253,2024-09-25
158,1158,25418701,6100502682,2024-08-16
159,1159,25547597,2857476849,2024-01-10
160,1160,25823422,5814215019,2024-04-13
161,1161,25826049,8903100492,2024-11-21
162,1162,25844144,6899711534,2024-04-25
163,1163,26010896,9050858825,2024-01-11
164,1164,26159457,9220735614,2024-02-05
165,1165,26193337,2100630892,2024-02-25
166,1166,26311614,8837992115,2024-11-02
167,1167,26323517,4924723622,2024-01-25
168,1168,26375725,7556119935,2024-11-26
169,1169,26447570,8706015363,2024-07-17
170,1170,26510653,7786387596,2024-11-18
171,1171,26687960,6543347140,2024-07-14
172,1172,26717005,6543347140,2024-08-21
173,1173,26855840,1586856183,2024-09-23
174,1174,26860006,8764404645,2024-08-06
175,1175,27026696,5066117286,2024-07-04
176,1176,27160230,7967097358,2024-08-01
177,1177,27413040,2623248171,2024-08-06
178,1178,27448178,1060761212,2024-05-01
179,1179,27451517,8708459838,2024-09-15
180,1180,27500455,5981183872,2024-08-12
181,1181,27566986,4047706842,2024-09-06
182,1182,27906225,3942694156,2024-08-13
183,1183,28018202,9671259722,2024-08-20
184,1184,28233773,2593749252,2024-07-30
185,1185,28234072,3453232212,2024-08-10
186,1186,28340871,7226456538,2024-08-05
187,1187,28552557,9050858825,2024-12-30
188,1188,28609472,3835991679,2024-10-06
189,1189,28738923,4127097428,2024-06-23
190,1190,28739630,5098399568,2024-03-29
191,1191,28999577,9735668990,2024-11-01
192,1192,29007774,8833424752,2024-10-11
193,1193,29046722,3747651808,2024-06-07
194,1194,29231568,8708459838,2024-12-19
195,1195,29261379,4901837545,2024-01-17
196,1196,29332072,6068355349,2024-08-14
197,1197,29334919,4127097428,2024-03-24
198,1198,29386796,6080708499,2024-08-19
199,1199,29668290,4748619733,2024-04-29
200,1200,29781707,8415986941,2024-06-09
201,1201,30184519,8960830920,2024-07-29
202,1202,30189632,9046373332,2024-02-03
203,1203,30336527,1710625629,2024-12-15
204,1204,30367022,4127097428,2024-01-21
205,1205,30374089,4169047683,2024-10-05
206,1206,30475466,4932727577,2024-10-10
207,1207,30483058,2601000765,2024-05-31
208,1208,30499281,8166492430,2024-07-20
209,1209,30520360,6080708499,2024-10-17
210,1210,30773672,2807306971,2024-09-15
211,1211,30973307,1343180072,2024-06-21
212,1212,30981236,8268287126,2024-09-19
213,1213,30985575,9122310357,2024-06-02
214,1214,31033314,9822693092,2024-12-16
215,1215,31056457,7746959304,2024-09-05
216,1216,31113058,3427305230,2024-04-20
217,1217,31124105,6100502682,2024-12-29
218,1218,31295991,8903100492,2024-05-11
219,1219,31307657,3785691109,2024-07-06
220,1220,31363988,4329205495,2024-09-16
221,1221,31384077,8223186672,2024-12-14
222,1222,31447264,8706015363,2024-05-31
223,1223,31479304,2606081253,2024-04-26
224,1224,31483832,6537574247,2024-10-18
225,1225,31504939,6100502682,2024-01-24
226,1226,31596272,8706015363,2024-06-23
227,1227,31621642,1654847161,2024-12-18
228,1228,31647123,6370548068,2024-05-14
229,1229,31956863,3816588409,2024-05-04
230,1230,32117335,5066117286,2024-08-16
231,1231,32134372,3761088231,2024-02-07
232,1232,32287383,3427305230,2024-08-08
233,1233,32317487,4088307890,2024-10-13
234,1234,32411890,6344597414,2024-05-03
235,1235,32462982,2606081253,2024-12-29
236,1236,32507017,8237678349,2024-09-26
237,1237,32521891,5938827772,2024-02-28
238,1238,32593185,7180292963,2024-06-01
239,1239,32612735,1847640034,2024-04-30
240,1240,32814571,2863092278,2024-06-11
241,1241,32908778,9433322012,2024-08-02
242,1242,32920503,6532115582,2024-06-25
243,1243,32931171,8706015363,2024-01-12
244,1244,33330051,3816588409,2024-03-09
245,1245,33522067,3913290080,2024-11-05
246,1246,33614606,8740444030,2024-07-29
247,1247,33654547,6344597414,2024-04-16
248,1248,33844486,5958288665,2024-02-19
249,1249,33888544,8833424752,2024-06-26
250,1250,33899044,5008844516,2024-11-05
251,1251,33999249,9590109437,2024-03-14
252,1252,34035458,3175715406,2024-01-19
253,1253,34102841,7521251770,2024-06-18
254,1254,34245806,8179799764,2024-10-24
255,1255,34281183,3786741745,2024-07-12
256,1256,34328786,3718254035,2024-04-07
257,1257,34340043,3579127524,2024-06-19
258,1258,34401207,7206582068,2024-09-22
259,1259,34486030,7194921910,2024-09-30
260,1260,34554870,9603543467,2024-01-25
261,1261,34599232,4748619733,2024-12-02
262,1262,34625648,4470190268,2024-02-08
263,1263,34730618,7838446499,2024-12-21
264,1264,35002572,5714907981,2024-10-09
265,1265,35059704,1796078974,2024-04-02
266,1266,35119877,5954465150,2024-09-05
267,1267,35299400,7554857387,2024-02-29
268,1268,35469915,2193901365,2024-08-13
269,1269,35561479,1816779045,2024-11-12
270,1270,35604380,3487559153,2024-05-28
271,1271,35659542,8350988643,2024-03-16
272,1272,35674959,7929288575,2024-07-17
273,1273,35763429,9443747201,2024-08-27
274,1274,35785996,9299023576,2024-02-28
275,1275,35801611,9257152032,2024-03-01
276,1276,35953652,4951700823,2024-03-06
277,1277,36261575,2502698571,2024-04-16
278,1278,36429625,1060761212,2024-09-19
279,1279,36577429,1662728249,2024-02-19
280,1280,36683511,9050858825,2024-10-11
281,1281,36782838,9538816352,2024-07-18
282,1282,36793146,6344597414,2024-07-11
283,1283,36814638,8793969678,2024-01-06
284,1284,36825709,7392234096,2024-03-18
285,1285,36929300,3427305230,2024-12-19
286,1286,36950247,7679921105,2024-09-22
287,1287,37033982,5851138285,2024-10-10
288,1288,37150077,8076135727,2024-03-26
289,1289,37383524,2863092278,2024-09-02
290,1290,37395883,7911444201,2024-01-22
291,1291,37454888,3579413014,2024-10-13
292,1292,37514218,1298386181,2024-12-24
293,1293,37549640,3711552284,2024-07-10
294,1294,37758029,5420594195,2024-02-04
295,1295,37835626,8706015363,2024-12-24
296,1296,38034621,2100630892,2024-06-07
297,1297,38072766,6005734353,2024-06-17
298,1298,38084335,9730743865,2024-12-09
299,1299,38099759,6080708499,2024-07-10
300,1300,38120632,6840763573,2024-08-19
301,1301,38158643,4329205495,2024-01-14
302,1302,38189947,2456989424,2024-03-06
303,1303,38789704,2487207737,2024-11-01
304,1304,38809584,8706015363,2024-02-20
305,1305,38855954,2502698571,2024-07-28
306,1306,38873490,8740444030,2024-05-07
307,1307,39066026,2489969804,2024-02-25
308,1308,39157289,6521888399,2024-05-08
309,1309,39176717,8223186672,2024-07-04
310,1310,39197892,1529674154,2024-06-04
311,1311,39282571,9538816352,2024-06-18
312,1312,39285741,9257152032,2024-07-02
313,1313,39456621,1310852305,2024-10-31
314,1314,39803774,3427305230,2024-06-22
315,1315,39883123,6908038208,2024-10-29
316,1316,39947336,6100502682,2024-02-09
317,1317,39956585,4866712332,2024-08-26
318,1318,40093888,2498174090,2024-03-29
319,1319,40112912,1263613515,2024-11-12
320,1320,40121160,7206582068,2024-08-02
321,1321,40123640,7156212953,2024-10-18
322,1322,40124714,5938827772,2024-02-28
323,1323,40312938,1337822494,2024-07-06
324,1324,40754837,3503656919,2024-10-14
325,1325,40778866,1395938970,2024-02-17
326,1326,40801321,3913290080,2024-04-27
327,1327,40883983,9866674504,2024-10-12
328,1328,40947214,2035593419,2024-06-08
329,1329,40963187,2173011583,2024-03-03
330,1330,41093897,1710625629,2024-09-05
331,1331,41217009,3022322510,2024-02-11
332,1332,41334665,8363746156,2024-08-25
333,1333,41659550,4960739771,2024-08-07
334,1334,41691981,6891407372,2024-08-28
335,1335,41730739,1936181066,2024-07-19
336,1336,41774492,5733640280,2024-11-01
337,1337,41794932,5526514535,2024-06-26
338,1338,41834902,6551385138,2024-06-17
339,1339,41891522,3579413014,2024-01-06
340,1340,41948779,1586856183,2024-03-28
341,1341,42020153,7226456538,2024-08-25
342,1342,42097493,9822693092,2024-12-13
343,1343,42298533,5761761838,2024-05-20
344,1344,42303794,5153092174,2024-08-10
345,1345,42342109,2100630892,2024-12-07
346,1346,42663285,9046373332,2024-09-27
347,1347,42687910,5733640280,2024-03-26
348,1348,42720373,1743703365,2024-10-10
349,1349,43190939,3453232212,2024-09-06
350,1350,43261653,3761088231,2024-10-24
351,1351,43339409,8000229881,2024-10-15
352,1352,43389477,5661686357,2024-05-30
353,1353,43464566,3427305230,2024-04-28
354,1354,43466291,5066117286,2024-10-08
355,1355,43521079,4470190268,2024-02-25
356,1356,43521783,2545704211,2024-01-10
357,1357,43546767,3785691109,2024-08-22
358,1358,43582161,9046373332,2024-07-15
359,1359,43606259,1297316753,2024-09-09
360,1360,43648273,2100630892,2024-07-09
361,1361,43710623,6813094631,2024-07-17
362,1362,43749672,5814215019,2024-04-11
363,1363,43859824,9146898530,2024-10-15
364,1364,44085164,1662728249,2024-07-08
365,1365,44093960,7312517138,2024-09-10
366,1366,44131543,6452392011,2024-03-12
367,1367,44189388,6302779461,2024-12-19
368,1368,44210136,4329205495,2024-09-10
369,1369,44310268,3436316561,2024-11-28
370,1370,44429943,1529674154,2024-04-20
371,1371,44543006,5958288665,2024-11-03
372,1372,44699343,8025994288,2024-11-26
373,1373,44868187,4538255260,2024-06-26
374,1374,45099986,9822693092,2024-03-11
375,1375,45284834,6302779461,2024-02-20
376,1376,45294690,4951700823,2024-06-03
377,1377,45299281,7838446499,2024-07-04
378,1378,45385224,4866712332,2024-09-26
379,1379,45389809,6718824791,2024-06-30
380,1380,45503357,6080708499,2024-02-14
381,1381,45709878,9671259722,2024-02-28
382,1382,45720834,1394360498,2024-04-10
383,1383,45865236,8619859321,2024-09-10
384,1384,45898963,3717934195,2024-08-07
385,1385,45961481,3271756265,2024-11-28
386,1386,45967590,6836480273,2024-05-19
387,1387,46023863,2464497581,2024-11-16
388,1388,46286951,5532501738,2024-05-11
389,1389,46428585,9735668990,2024-07-17
390,1390,46492468,7584660592,2024-01-29
391,1391,46504530,6551385138,2024-05-31
392,1392,46516769,3271756265,2024-05-04
393,1393,46707589,1885179508,2024-02-27
394,1394,46830706,1847640034,2024-10-07
395,1395,46869418,8036545872,2024-07-01
396,1396,46933532,1983497064,2024-10-11
397,1397,46936710,6304852512,2024-10-05
398,1398,46961027,8287316352,2024-07-01
399,1399,46965414,2489969804,2024-02-02
400,1400,46971885,3436316561,2024-10-16
401,1401,46981723,3835991679,2024-07-03
402,1402,47039650,2458356300,2024-04-12
403,1403,47079520,1677646228,2024-11-23
404,1404,47245530,5970623448,2024-09-09
405,1405,47375297,2849668488,2024-06-04
406,1406,47487084,1675499991,2024-07-03
407,1407,47527894,9257152032,2024-04-16
408,1408,47567305,6080708499,2024-06-29
409,1409,47609851,8619859321,2024-02-10
410,1410,48119334,3785691109,2024-04-27
411,1411,48217311,6304852512,2024-06-06
412,1412,48454506,8706015363,2024-01-10
413,1413,48462996,9519881893,2024-05-28
414,1414,48556279,2168300474,2024-02-17
415,1415,48585446,1060761212,2024-09-13
416,1416,48801263,5777053257,2024-09-27
417,1417,48840253,8466213941,2024-01-25
418,1418,48847632,9433322012,2024-02-08
419,1419,48967490,2992684884,2024-05-08
420,1420,49028856,9889664503,2024-04-08
421,1421,49134225,5693299681,2024-06-24
422,1422,49239014,8184944063,2024-12-14
423,1423,49542346,3436316561,2024-04-03
424,1424,49962441,3579127524,2024-08-30
425,1425,50174598,9433322012,2024-10-31
426,1426,50199829,3579413014,2024-06-05
427,1427,50233718,9050858825,2024-12-29
428,1428,50502924,7360675738,2024-08-09
429,1429,50586244,5624307322,2024-09-14
430,1430,50691272,7967097358,2024-05-15
431,1431,50828874,2100630892,2024-04-15
432,1432,50985807,4367287853,2024-12-09
433,1433,51162216,6840763573,2024-07-19
434,1434,51183392,5000809071,2024-07-06
435,1435,51373185,5098399568,2024-03-11
436,1436,51388067,3379091078,2024-01-09
437,1437,51843572,4127097428,2024-02-13
438,1438,51997258,6853724744,2024-05-27
439,1439,51999887,3711552284,2024-11-01
440,1440,52173190,8268287126,2024-01-06
441,1441,52308432,9891884583,2024-09-30
442,1442,52353899,6532115582,2024-06-21
443,1443,52508276,1395938970,2024-10-28
444,1444,52610128,3427305230,2024-08-20
445,1445,52621194,1981258439,2024-03-12
446,1446,52622458,1559558640,2024-07-22
447,1447,52647537,3718254035,2024-06-14
448,1448,52665189,6425689593,2024-12-02
449,1449,52779299,4866712332,2024-09-09
450,1450,53004354,5340448276,2024-07-31
451,1451,53014758,4367287853,2024-10-16
452,1452,53142138,7786387596,2024-02-17
453,1453,53157335,9735668990,2024-05-12
454,1454,53307642,8740444030,2024-09-21
455,1455,53691519,8619859321,2024-11-05
456,1456,53728838,3427305230,2024-02-06
457,1457,53771863,3814091434,2024-10-10
458,1458,53900981,7692921402,2024-07-10
459,1459,53948366,6537574247,2024-10-25
460,1460,53952689,6080708499,2024-12-19
461,1461,54139197,1654847161,2024-08-23
462,1462,54245934,4127097428,2024-03-16
463,1463,54369074,9050858825,2024-02-22
464,1464,54375580,6739519289,2024-01-05
465,1465,54396446,9519881893,2024-07-29
466,1466,54603596,8179799764,2024-01-20
467,1467,54619163,8379549807,2024-04-29
468,1468,55044249,3579127524,2024-04-27
469,1469,55144957,1689919593,2024-03-30
470,1470,55352717,2500514325,2024-12-06
471,1471,55355558,4280289969,2024-09-14
472,1472,55501360,8025994288,2024-04-26
473,1473,55515142,6053282321,2024-05-07
474,1474,55544479,6908038208,2024-04-09
475,1475,55558878,5693299681,2024-03-28
476,1476,55656985,8466213941,2024-02-03
477,1477,55691624,3489056466,2024-05-13
478,1478,55704354,7746959304,2024-12-08
479,1479,55944701,1082696066,2024-08-31
480,1480,56083817,8268287126,2024-06-02
481,1481,56150102,3379091078,2024-03-16
482,1482,56257819,2545704211,2024-02-16
483,1483,56280592,5733640280,2024-01-29
484,1484,56294186,7556119935,2024-07-03
485,1485,56370252,6452392011,2024-02-17
486,1486,56413319,6935128482,2024-04-06
487,1487,56435161,9299023576,2024-10-22
488,1488,56436932,7466874416,2024-06-21
489,1489,56506039,2456989424,2024-08-13
490,1490,56547805,1710625629,2024-10-08
491,1491,56882896,5693299681,2024-01-31
492,1492,56952769,3745634160,2024-04-20
493,1493,57126515,7180292963,2024-06-25
494,1494,57193150,8287316352,2024-07-12
495,1495,57280127,2602961131,2024-01-26
496,1496,57511939,7700264415,2024-04-11
497,1497,57523161,1298386181,2024-04-16
498,1498,57683575,9257152032,2024-10-30
499,1499,57822769,8025994288,2024-02-17
500,1500,57880910,2419144543,2024-02-29
501,1501,58044208,5340448276,2024-06-20
502,1502,58108159,2100630892,2024-09-24
503,1503,58352262,2124803183,2024-04-22
504,1504,58515187,1675499991,2024-08-02
505,1505,58605068,9257152032,2024-01-04
506,1506,58629473,9735668990,2024-10-16
507,1507,58657623,3503656919,2024-05-02
508,1508,58693703,6080708499,2024-03-21
509,1509,58712525,1082696066,2024-02-27
510,1510,58819276,9519881893,2024-10-14
511,1511,58839054,5537898730,2024-11-05
512,1512,58889600,1675499991,2024-06-03
513,1513,58911463,1847640034,2024-06-26
514,1514,58938556,8836262209,2024-08-21
515,1515,59055757,7521251770,2024-11-23
516,1516,59067763,6080708499,2024-09-23
517,1517,59111527,1343180072,2024-01-27
518,1518,59254326,8836262209,2024-08-26
519,1519,59418727,6950081244,2024-12-06
520,1520,59451369,2956241166,2024-06-08
521,1521,59495800,8836262209,2024-09-23
522,1522,59549538,6580516353,2024-11-06
523,1523,59628278,8837992115,2024-10-28
524,1524,59716627,6891407372,2024-03-27
525,1525,59820199,8036545872,2024-11-28
526,1526,60411804,1689919593,2024-08-22
527,1527,60420545,2956241166,2024-03-18
528,1528,60516808,1885179508,2024-09-22
529,1529,60594098,8025994288,2024-03-31
530,1530,60915975,8379549807,2024-06-02
531,1531,61026411,3747651808,2024-05-04
532,1532,61039062,5226470299,2024-09-06
533,1533,61095031,1886143014,2024-02-25
534,1534,61599827,1677646228,2024-09-19
535,1535,61610339,6344597414,2024-06-09
536,1536,61673798,5970623448,2024-10-23
537,1537,61690283,6521888399,2024-09-06
538,1538,61717922,9822693092,2024-09-02
539,1539,61889287,2035593419,2024-06-30
540,1540,62566508,9046373332,2024-09-02
541,1541,62567459,4680297978,2024-01-29
542,1542,62805180,1289476693,2024-03-03
543,1543,62805870,6304852512,2024-10-19
544,1544,62820357,2545704211,2024-11-27
545,1545,63281192,9122310357,2024-06-25
546,1546,63294626,7500211397,2024-09-21
547,1547,63316022,2168300474,2024-07-24
548,1548,63385923,6452392011,2024-05-21
549,1549,63427372,8960830920,2024-12-27
550,1550,63577133,3579413014,2024-10-19
551,1551,63695024,3427305230,2024-09-02
552,1552,63890803,3761088231,2024-09-13
553,1553,63958124,5814215019,2024-05-07
554,1554,64037606,1434716776,2024-12-05
555,1555,64110036,8706015363,2024-01-27
556,1556,64261710,8706015363,2024-04-29
557,1557,64391926,7700264415,2024-11-13
558,1558,64418879,2956241166,2024-12-02
559,1559,64608964,6908038208,2024-02-05
560,1560,64945438,8740444030,2024-07-04
561,1561,65006167,8927102848,2024-12-04
562,1562,65012844,4127097428,2024-09-25
563,1563,65036381,1654847161,2024-07-18
564,1564,65098732,1337822494,2024-06-14
565,1565,65250978,3427305230,2024-12-18
566,1566,65356568,5693299681,2024-01-27
567,1567,65813939,8287316352,2024-03-14
568,1568,65934003,5438001239,2024-11-04
569,1569,65937300,5913586885,2024-10-17
570,1570,66153657,1816779045,2024-08-07
571,1571,66168871,2487207737,2024-07-24
572,1572,66170076,2606081253,2024-06-07
573,1573,66222666,2173011583,2024-09-09
574,1574,66250332,9452747248,2024-08-07
575,1575,66415321,6302779461,2024-01-12
576,1576,66672123,4047706842,2024-09-04
577,1577,66750634,2857476849,2024-01-05
578,1578,66996804,1677646228,2024-07-17
579,1579,67150995,2849668488,2024-05-07
580,1580,67371033,6836480273,2024-06-10
581,1581,67418180,4127097428,2024-12-15
582,1582,67421180,2857476849,2024-09-02
583,1583,67507194,6302779461,2024-04-09
584,1584,67516986,1981258439,2024-05-23
585,1585,67597934,2173011583,2024-08-21
586,1586,67700636,1983497064,2024-10-28
587,1587,67708776,2489969804,2024-10-06
588,1588,67829169,9921970750,2024-05-26
589,1589,67937527,7485552424,2024-07-19
590,1590,68013539,9257152032,2024-08-18
591,1591,68015452,2587979465,2024-06-19
592,1592,68075547,2489969804,2024-04-30
593,1593,68127028,5340448276,2024-03-20
594,1594,68245461,5066117286,2024-03-29
595,1595,68259126,1885179508,2024-10-01
596,1596,68486491,1263613515,2024-05-11
597,1597,68631554,9630195437,2024-05-18
598,1598,68752204,4264881797,2024-03-11
599,1599,68781107,9387524893,2024-01-26
600,1600,68795712,9399790209,2024-10-23
601,1601,68911191,5859167523,2024-07-18
602,1602,68959591,1298386181,2024-10-15
603,1603,68979376,2733006322,2024-01-11
604,1604,69068267,7685434631,2024-08-28
605,1605,69109068,2558993062,2024-03-11
606,1606,69112321,5153092174,2024-06-02
607,1607,69119769,7838446499,2024-03-16
608,1608,69220474,8801963018,2024-12-09
609,1609,69256555,8268287126,2024-07-22
610,1610,69397859,1814461666,2024-11-11
611,1611,69404165,7692921402,2024-01-29
612,1612,69605082,1343180072,2024-04-22
613,1613,69691977,3271756265,2024-01-03
614,1614,69745151,6302779461,2024-03-04
615,1615,69768652,9433322012,2024-09-01
616,1616,69835684,1743703365,2024-06-18
617,1617,69837498,8927102848,2024-12-03
618,1618,69861834,6920111944,2024-05-24
619,1619,69932429,8833424752,2024-11-26
620,1620,70175287,1263613515,2024-02-18
621,1621,70335471,7556119935,2024-12-02
622,1622,70357300,6537574247,2024-08-05
623,1623,70460596,2956241166,2024-07-30
624,1624,70499110,1981258439,2024-11-08
625,1625,70682643,6521888399,2024-10-16
626,1626,70855908,9433322012,2024-06-29
627,1627,70975552,9797128015,2024-07-30
628,1628,71127339,3453232212,2024-03-08
629,1629,71156777,8237678349,2024-09-24
630,1630,71158196,7786387596,2024-06-05
631,1631,71172680,9187355682,2024-12-27
632,1632,71200566,8415986941,2024-06-13
633,1633,71428941,9557727918,2024-05-19
634,1634,71562363,6836480273,2024-04-22
635,1635,71804907,1981258439,2024-06-22
636,1636,71944927,1675499991,2024-04-02
637,1637,72069108,4951700823,2024-07-24
638,1638,72141519,6016577016,2024-03-11
639,1639,72461324,1395938970,2024-03-15
640,1640,72605336,9955113269,2024-08-30
641,1641,72623169,7104868066,2024-08-22
642,1642,72635661,4736809702,2024-05-26
643,1643,72642211,1885179508,2024-05-15
644,1644,72852682,1675499991,2024-09-14
645,1645,72995434,7768090972,2024-03-30
646,1646,73026242,9257152032,2024-07-19
647,1647,73067787,1816779045,2024-06-28
648,1648,73152885,7509058138,2024-04-28
649,1649,73235731,4109419387,2024-02-28
650,1650,73313208,8076135727,2024-06-12
651,1651,73556733,5120094734,2024-04-20
652,1652,73795921,6080708499,2024-11-22
653,1653,73909071,5814215019,2024-03-04
654,1654,74148293,3814091434,2024-01-01
655,1655,74194713,7584660592,2024-09-08
656,1656,74258369,5340448276,2024-05-14
657,1657,74377266,7392234096,2024-02-24
658,1658,74412378,5714907981,2024-05-08
659,1659,74467303,1662728249,2024-07-15
660,1660,74582522,7089220116,2024-07-19
661,1661,74587085,7521251770,2024-07-11
662,1662,74668298,9377828494,2024-03-10
663,1663,74720937,6543347140,2024-10-27
664,1664,74749641,7746959304,2024-12-07
665,1665,74840754,9299023576,2024-04-16
666,1666,74962227,7194156200,2024-05-27
667,1667,75008293,6005734353,2024-07-25
668,1668,75164242,6080708499,2024-03-21
669,1669,75482180,2489969804,2024-11-30
670,1670,75518713,9443747201,2024-10-28
671,1671,75587519,3022322510,2024-06-20
672,1672,75616752,9220735614,2024-02-23
673,1673,75706882,9519881893,2024-11-09
674,1674,75787894,6080708499,2024-01-29
675,1675,75951276,4047706842,2024-04-13
676,1676,76287174,4866712332,2024-01-14
677,1677,76351003,7104868066,2024-03-19
678,1678,76433154,2498174090,2024-08-08
679,1679,76645223,9153372696,2024-01-03
680,1680,76728425,1710625629,2024-06-13
681,1681,76771503,6908038208,2024-07-10
682,1682,76908614,2173011583,2024-02-21
683,1683,77049129,5340448276,2024-02-26
684,1684,77191195,4932727577,2024-12-20
685,1685,77224311,7466874416,2024-09-09
686,1686,77443201,7768090972,2024-04-18
687,1687,77498731,4932727577,2024-04-25
688,1688,77639448,5438001239,2024-01-22
689,1689,77700123,9849779788,2024-09-12
690,1690,77704041,5970623448,2024-02-19
691,1691,77732145,8706015363,2024-01-17
692,1692,78006235,4189386691,2024-06-20
693,1693,78216534,7226456538,2024-08-02
694,1694,78296766,6634713238,2024-05-22
695,1695,78336834,6920111944,2024-09-27
696,1696,78414448,5523296723,2024-07-18
697,1697,78422038,6920111944,2024-07-15
698,1698,78428989,4661572868,2024-08-23
699,1699,78520061,9538816352,2024-04-26
700,1700,78595690,6452392011,2024-10-01
701,1701,78688850,6131381214,2024-08-23
702,1702,78991062,4088307890,2024-04-29
703,1703,78998997,6935128482,2024-05-11
704,1704,79012063,5981183872,2024-04-29
705,1705,79036278,4127097428,2024-07-13
706,1706,79039508,8179799764,2024-11-08
707,1707,79085277,8837992115,2024-12-12
708,1708,79240922,5938827772,2024-12-28
709,1709,79250456,2602961131,2024-10-02
710,1710,79498967,4109419387,2024-10-22
711,1711,79554117,2464497581,2024-10-15
712,1712,79560694,7685434631,2024-04-18
713,1713,79627647,5537898730,2024-12-01
714,1714,79657129,9797128015,2024-04-11
715,1715,79900009,9878051514,2024-05-02
716,1716,79945207,1710625629,2024-01-17
717,1717,79984219,2502698571,2024-06-24
718,1718,80033590,4814015395,2024-10-09
719,1719,80225652,9822693092,2024-06-11
720,1720,80253677,4047706842,2024-08-08
721,1721,80470888,8166492430,2024-01-15
722,1722,80696034,4280289969,2024-07-27
723,1723,80835194,2733006322,2024-12-08
724,1724,81085413,7226456538,2024-09-27
725,1725,81212109,6521888399,2024-10-29
726,1726,81223390,6634713238,2024-12-06
727,1727,81502464,4206525858,2024-03-07
728,1728,81582181,4951700823,2024-01-04
729,1729,81692766,1394360498,2024-11-03
730,1730,81947839,9186767361,2024-03-30
731,1731,82018668,5526514535,2024-01-14
732,1732,82046677,5970623448,2024-03-07
733,1733,82123690,9889664503,2024-06-18
734,1734,82232757,8179799764,2024-01-31
735,1735,82678178,6551385138,2024-12-26
736,1736,82796808,6216639587,2024-11-06
737,1737,82801436,9878051514,2024-03-12
738,1738,82856164,4099494075,2024-06-20
739,1739,82861880,9849779788,2024-06-18
740,1740,83334413,3942694156,2024-04-13
741,1741,83426495,5537898730,2024-07-07
742,1742,83634130,9257152032,2024-10-31
743,1743,83910952,9538816352,2024-09-27
744,1744,83948232,8350988643,2024-02-23
745,1745,84321547,8706015363,2024-02-24
746,1746,84337659,5733640280,2024-04-05
747,1747,84673129,9891884583,2024-07-29
748,1748,84869216,8706015363,2024-05-16
749,1749,84919057,6059098719,2024-03-27
750,1750,84980409,3783102768,2024-08-02
751,1751,85061135,9050858825,2024-01-10
752,1752,85188355,8223186672,2024-08-25
753,1753,85230187,2487207737,2024-11-24
754,1754,85416857,9220735614,2024-09-13
755,1755,85566242,9671259722,2024-06-14
756,1756,85618131,4866712332,2024-11-18
757,1757,85767024,7700264415,2024-02-13
758,1758,85842209,5954465150,2024-12-04
759,1759,85926731,5954465150,2024-11-04
760,1760,85948467,1944176490,2024-05-29
761,1761,85962748,1310852305,2024-06-22
762,1762,85992706,3427305230,2024-09-28
763,1763,86157766,8476800817,2024-05-01
764,1764,86209870,8287316352,2024-07-22
765,1765,86275594,6059098719,2024-12-31
766,1766,86375067,4736809702,2024-11-09
767,1767,86513458,6317737535,2024-03-28
768,1768,86598433,5340448276,2024-05-20
769,1769,86615107,5066117286,2024-01-10
770,1770,86678769,2100630892,2024-03-21
771,1771,86762829,1677646228,2024-08-23
772,1772,86844347,8708459838,2024-04-20
773,1773,86886443,5340448276,2024-02-26
774,1774,86889620,8170854781,2024-05-27
775,1775,86891674,9780372815,2024-02-01
776,1776,86915710,7392234096,2024-02-10
777,1777,86919627,8793969678,2024-02-04
778,1778,87030245,2372751599,2024-03-10
779,1779,87149670,9257152032,2024-11-28
780,1780,87366330,6068355349,2024-03-17
781,1781,87479893,2606081253,2024-07-26
782,1782,87557442,2956241166,2024-05-12
783,1783,87747695,4280289969,2024-09-23
784,1784,88269326,8764404645,2024-12-15
785,1785,88360359,6521888399,2024-05-31
786,1786,88822059,8431930912,2024-06-25
787,1787,88866928,8350988643,2024-10-01
788,1788,88927066,5340448276,2024-07-27
789,1789,89021295,9050858825,2024-02-26
790,1790,89274745,3427305230,2024-10-31
791,1791,89470182,5733640280,2024-03-01
792,1792,89492450,9377828494,2024-02-01
793,1793,89524158,5881551015,2024-10-19
794,1794,89566658,8706015363,2024-03-23
795,1795,89569322,1394360498,2024-05-03
796,1796,89569837,1710625629,2024-05-23
797,1797,89748430,3427305230,2024-06-13
798,1798,89911069,7266477197,2024-08-13
799,1799,90126117,7521251770,2024-10-25
800,1800,90189929,2592378649,2024-09-27
801,1801,90228773,6899711534,2024-10-27
802,1802,90313001,9538816352,2024-11-07
803,1803,90437310,6080708499,2024-07-20
804,1804,90562368,3761088231,2024-02-24
805,1805,90858307,8706015363,2024-05-15
806,1806,90858889,3427305230,2024-05-30
807,1807,90891931,4127097428,2024-09-04
808,1808,91105478,2100630892,2024-04-08
809,1809,91123068,5970623448,2024-01-18
810,1810,91214425,4127097428,2024-05-11
811,1811,91342464,9146898530,2024-10-15
812,1812,91347614,6080708499,2024-10-27
813,1813,91407518,8898284312,2024-07-17
814,1814,91487690,7266477197,2024-07-31
815,1815,91656258,1814461666,2024-09-10
816,1816,91673234,8706015363,2024-10-22
817,1817,92010762,9955113269,2024-06-16
818,1818,92022741,8350988643,2024-01-16
819,1819,92040854,5340448276,2024-12-11
820,1820,92157142,1654847161,2024-09-05
821,1821,92271401,2402797214,2024-06-10
822,1822,92300015,4047706842,2024-10-19
823,1823,92482044,6304852512,2024-07-12
824,1824,92608271,4470190268,2024-05-27
825,1825,92804371,9399790209,2024-08-26
826,1826,92900455,2623248171,2024-03-08
827,1827,92901217,5733640280,2024-10-28
828,1828,93297472,2124803183,2024-03-24
829,1829,93362134,1710625629,2024-07-30
830,1830,93365504,5340448276,2024-09-18
831,1831,93380594,2168300474,2024-07-03
832,1832,93715102,9671259722,2024-01-25
833,1833,93970759,1174244120,2024-08-28
834,1834,94157023,6080708499,2024-07-22
835,1835,94303817,3427305230,2024-06-14
836,1836,94664197,4127097428,2024-10-14
837,1837,94746244,2593749252,2024-12-21
838,1838,94760676,1718176832,2024-03-30
839,1839,94830565,8415986941,2024-07-18
840,1840,94869727,8619859321,2024-01-05
841,1841,94923087,8466213941,2024-12-27
842,1842,94983498,5000809071,2024-01-18
843,1843,95175360,9387524893,2024-07-21
844,1844,95249320,3786741745,2024-07-20
845,1845,95418745,2863092278,2024-01-07
846,1846,95479660,8476800817,2024-01-10
847,1847,95530884,5523296723,2024-09-29
848,1848,95638971,3745634160,2024-05-06
849,1849,95682817,9314872523,2024-06-06
850,1850,95698377,6537574247,2024-10-13
851,1851,95792441,1098416325,2024-12-05
852,1852,96071962,2992684884,2024-09-02
853,1853,96167054,8059390619,2024-07-12
854,1854,96184247,8801963018,2024-01-05
855,1855,96265721,8706015363,2024-11-30
856,1856,96367516,3427305230,2024-04-08
857,1857,96450386,8764404645,2024-06-12
858,1858,96622741,1559558640,2024-03-22
859,1859,96625859,3685848938,2024-09-18
860,1860,96654873,3685848938,2024-12-08
861,1861,96661995,6452392011,2024-03-05
862,1862,96709258,9257152032,2024-10-07
863,1863,96737724,8706015363,2024-06-22
864,1864,96830727,8706015363,2024-07-24
865,1865,96956180,4127097428,2024-08-01
866,1866,96985780,9797128015,2024-05-11
867,1867,97005251,7303425178,2024-08-26
868,1868,97389041,7967097358,2024-12-27
869,1869,97457127,5420594195,2024-02-09
870,1870,97502072,2956241166,2024-04-22
871,1871,97685900,6853724744,2024-01-31
872,1872,97718368,9891884583,2024-07-21
873,1873,97731292,8901147558,2024-07-04
874,1874,97855090,7838446499,2024-05-03
875,1875,97891954,8036545872,2024-02-25
876,1876,97911245,7838446499,2024-10-12
877,1877,97939054,5859167523,2024-08-05
878,1878,98030434,6452392011,2024-07-19
879,1879,98044775,7266477197,2024-03-04
880,1880,98053883,8619859321,2024-03-28
881,1881,98140469,6606423506,2024-11-06
882,1882,98174098,3427305230,2024-04-19
883,1883,98219524,5163946123,2024-03-10
884,1884,98348446,4047706842,2024-10-22
885,1885,98484977,4538255260,2024-05-31
886,1886,98554309,3487559153,2024-06-18
887,1887,98578399,9220735614,2024-08-02
888,1888,98616019,9889664503,2024-01-11
889,1889,98687656,9398427731,2024-03-20
890,1890,98702769,7156212953,2024-02-12
891,1891,98775366,7838446499,2024-07-17
892,1892,98784801,8960830920,2024-01-09
893,1893,98834422,2173011583,2024-12-19
894,1894,98898061,3503656919,2024-11-18
895,1895,98969342,6852190255,2024-11-27
896,1896,98977240,1586856183,2024-07-13
897,1897,99036935,2193901365,2024-11-20
898,1898,99147487,6852190255,2024-11-16
899,1899,99212518,8708459838,2024-09-07
900,1900,99213282,5523296723,2024-04-07
901,1901,99326285,9590109437,2024-01-07
902,1902,99353667,5120094734,2024-02-11
903,1903,99364926,2500514325,2024-09-09
904,1904,99376986,4047706842,2024-02-02
905,1905,99437849,1394360498,2024-06-12
906,1906,99452835,4470190268,2024-08-16
907,1907,99553536,3427305230,2024-12-02
908,1908,99662534,5814215019,2024-10-25
909,1909,99807904,3913290080,2024-12-09
